========== generation 200 need 3.023 secs ================ 131-116=15 (54743.2609596, 8.7553752993, 0) - (52063.0378987, 5.49267203751, 12805)

54743.2609596 8.7553752993 0
54296.5591106 8.75504736037 12805
53403.1493667 8.65795596172 12805
52956.4430576 8.65135952664 12805
52956.4429151 8.65124846152 12805
52956.4424825 8.64998457918 12805
52509.7422807 8.64995415193 12805
52063.0394566 7.24198334855 12805
52063.0385301 5.49289649995 12805
52063.0378987 5.49267203751 12805
Time cost:  3.02268600464 

the init chrom maybe is [160, 4, 50, 122, 154, 98, 46, 165, 21, 34, 192, 138, 149, 45, 131, 107, 96, 54, 7, 139, 86, 144, 0, 187, 187, 9, 168, 121, 47, 55, 0, 118, 175, 20, 80, 3, 110, 147, 141, 170, 121, 108, 61, 31, 9, 114, 93, 169, 22, 146, 1, 100, 135, 50, 142, 95, 48, 89, 20, 9, 81, 2, 60, 27, 54, 190, 15, 149, 36, 65, 17, 134, 193, 189, 187, 56, 38, 68, 187, 13, 77, 114, 151, 168, 39, 8, 166, 157, 112, 152, 180, 56, 182, 186, 183, 152, 96, 185, 163, 186, 177, 184, 118, 84, 3, 169, 26, 80, 110, 150, 102, 117, 190, 21, 132, 67, 65, 34, 191, 100, 12, 167, 0, 54, 82, 121, 33, 90, 13, 69, 113, 119, 181, 199, 98, 141, 94, 95, 7, 5, 68, 57, 1, 197, 191, 71, 0, 87, 176, 91, 84, 163, 20, 32, 14, 72, 125, 53, 8, 26, 32, 175, 63, 13, 150, 138, 28, 42, 144, 64, 4, 4, 48, 30, 194, 20, 157, 20, 179, 31, 97, 92, 63, 174, 160, 23, 178, 149, 57, 85, 181, 41, 178, 143, 89, 30, 139, 38, 122, 147], use 131 pms
after mbbo, chrom maybe is [99, 62, 155, 121, 123, 31, 125, 92, 181, 155, 38, 54, 70, 21, 54, 56, 160, 62, 38, 177, 55, 32, 98, 78, 74, 117, 101, 40, 181, 73, 149, 122, 168, 144, 33, 168, 140, 68, 175, 115, 170, 32, 66, 136, 169, 40, 158, 182, 168, 104, 83, 27, 158, 144, 56, 80, 123, 76, 167, 140, 72, 135, 68, 108, 176, 0, 116, 146, 97, 184, 39, 117, 37, 61, 97, 65, 135, 192, 122, 31, 51, 153, 92, 87, 144, 183, 38, 72, 166, 16, 14, 12, 189, 172, 161, 22, 140, 119, 156, 29, 186, 119, 99, 106, 170, 66, 151, 183, 148, 71, 153, 190, 83, 112, 65, 52, 61, 102, 100, 143, 1, 118, 141, 35, 118, 29, 154, 23, 159, 197, 166, 75, 116, 159, 50, 130, 24, 176, 154, 161, 128, 2, 16, 189, 51, 167, 67, 158, 150, 78, 186, 21, 172, 160, 195, 156, 57, 25, 23, 11, 154, 2, 52, 118, 184, 44, 106, 72, 50, 117, 70, 93, 86, 68, 124, 32, 140, 3, 125, 78, 56, 35, 71, 141, 134, 49, 48, 160, 102, 100, 62, 119, 98, 53, 0, 14, 134, 19, 141, 87], use 116 pms
json file has writen


=========== generation 2000 need 29.628 secs ================== 124 - 96 = 28  (53418.6276904, 22.6279966643, 0) - (43144.4035638, 6.55533797063, 13000)

53418.6276904 22.6279966643 0
52971.9235448 22.6266724913 12935
52525.1963529 8.30887807493 12870
52525.1948512 8.30873225309 13000
52078.4865676 8.30841602988 13000
51631.7822449 8.30797100427 13000
51185.0791262 8.14873325515 13000
50738.3730533 8.10282797643 13000
50291.6728166 8.10272005273 13000
50291.6681654 8.10106470105 13000
49844.9651535 8.10103316852 13000
48951.5589294 8.09977704216 13000
48951.5559738 8.09960616884 13000
48504.8569552 8.09042634639 13000
48504.8569552 8.09042634639 13000
48058.1705447 7.98520137152 13000
48058.1660464 7.96629136115 13000
48058.1642043 7.92890884244 13000
47611.4617664 7.92849755726 13000
47611.4615292 7.84045554736 13000
47611.4524007 7.63066153103 13000
47164.75012 7.63046988171 13000
46718.0441867 7.62996579821 13000
46271.3484628 7.62837102967 13000
45824.6462878 7.62272616563 13000
45824.6462484 7.62202054296 13000
45824.6447018 7.6220011577 13000
45377.9399966 7.6215026582 13000
44931.2310764 7.62125485079 13000
44484.5256286 7.62097397865 13000
44484.5240489 7.6179998932 13000
43591.1214354 7.4910834509 13000
43591.1193825 7.45404711486 13000
43591.1186661 6.81293429773 13000
43591.1179291 6.56291109625 13000
43591.1169412 6.56290397312 13000
43144.4035638 6.55533797063 13000
Time cost:  29.6282830238 

the init chrom maybe is [20, 47, 169, 130, 11, 14, 51, 21, 135, 188, 77, 169, 93, 45, 99, 147, 86, 183, 106, 53, 159, 59, 138, 68, 6, 132, 53, 73, 100, 185, 28, 109, 107, 192, 58, 0, 58, 72, 123, 138, 163, 74, 157, 65, 45, 46, 49, 111, 1, 166, 49, 187, 28, 22, 164, 32, 107, 63, 148, 163, 164, 34, 37, 21, 127, 1, 197, 131, 142, 111, 41, 143, 44, 124, 120, 6, 164, 17, 47, 195, 50, 44, 71, 199, 169, 55, 70, 102, 48, 142, 78, 164, 45, 107, 68, 127, 145, 84, 104, 93, 72, 128, 43, 121, 124, 13, 165, 41, 18, 199, 146, 131, 181, 151, 86, 71, 160, 19, 25, 48, 123, 148, 186, 31, 51, 160, 36, 196, 149, 67, 3, 131, 52, 189, 192, 39, 46, 98, 31, 9, 157, 42, 35, 4, 166, 22, 2, 115, 174, 55, 173, 23, 187, 61, 151, 138, 196, 122, 165, 78, 167, 13, 139, 39, 65, 152, 50, 180, 65, 186, 73, 62, 110, 143, 68, 7, 140, 42, 165, 23, 168, 191, 187, 198, 64, 127, 181, 197, 79, 167, 47, 43, 48, 9, 191, 159, 128, 10, 100, 108], use 124 pms
after mbbo, chrom maybe is [45, 89, 110, 171, 14, 93, 155, 40, 141, 48, 153, 155, 50, 124, 9, 54, 7, 19, 143, 194, 83, 171, 165, 22, 171, 46, 2, 133, 150, 16, 5, 191, 150, 196, 181, 146, 55, 113, 27, 111, 197, 135, 127, 6, 18, 155, 199, 129, 52, 22, 168, 62, 5, 5, 199, 166, 93, 92, 188, 28, 171, 50, 40, 103, 125, 29, 68, 100, 100, 186, 170, 137, 39, 42, 179, 179, 92, 197, 41, 39, 35, 162, 9, 153, 146, 42, 59, 112, 47, 153, 100, 34, 0, 1, 188, 111, 24, 61, 58, 21, 47, 27, 6, 79, 84, 73, 61, 149, 54, 154, 58, 6, 68, 0, 191, 164, 25, 193, 20, 194, 151, 161, 51, 7, 48, 170, 107, 20, 133, 34, 125, 161, 141, 104, 68, 199, 83, 179, 137, 154, 100, 45, 166, 167, 168, 164, 68, 4, 129, 41, 73, 68, 44, 184, 196, 110, 10, 14, 46, 0, 168, 0, 103, 181, 150, 197, 51, 19, 61, 79, 83, 35, 194, 10, 113, 55, 1, 93, 110, 164, 84, 105, 165, 107, 62, 44, 42, 28, 100, 118, 103, 153, 43, 43, 127, 84, 166, 18, 179, 162], use 96 pms
json file has writen


=============== generation 10000 need 2.5 mins ========================130-93=37 (55652.4855526, 15.7182977405, 0) - (41804.6556596, 6.01514788466, 13000)

55652.4855526 15.7182977405 0
55205.7854862 15.7182750947 12935
54759.0808713 15.4392732568 12935
54312.3759504 15.4383843657 12935
53865.6737999 15.4381088543 12935
53418.9730798 15.4380416674 12935
53418.9716533 15.4378114724 12935
53418.9682915 15.4373702736 12935
52972.2620497 15.4366536378 12935
52525.5608866 15.3767538213 12935
52078.8851539 11.0612707274 12935
51632.1749189 10.9489141857 12935
51185.4701131 10.9487119695 12935
50738.7723758 10.9475056496 12935
50292.0650696 10.9065694277 12935
49398.6581657 10.9064048769 12935
49398.6570695 10.8541301615 12935
48951.9562296 10.8539206297 12935
48951.9562296 10.8539206297 12935
48505.2663969 10.8081274814 12935
48058.5641791 10.8078674558 12935
47611.8672421 10.8075184611 12935
47611.8666149 10.8074689393 12935
47611.863819 10.8074476563 12935
47611.8621153 10.807175891 12935
47165.1599893 10.8067805418 12935
46718.4532849 10.8029181021 12935
46718.4462894 10.7986283874 12935
46718.4458477 10.5756375154 12935
46271.735496 10.5749558503 12935
46271.7345693 10.5747648199 12935
46271.7238761 10.5057760278 12935
45825.029698 10.4932572796 12935
45825.0255218 10.4282413086 12935
45825.0245557 10.4270104053 12935
45825.0244402 10.4031089284 12935
45825.0238324 10.1149216204 12935
45825.0231908 10.1112916249 12935
45825.022524 10.1096412248 12935
45825.02215 10.1096219118 12935
45825.0211679 10.1055726043 12935
45378.3132169 9.41743274064 12935
45378.313179 9.41156383153 12935
45378.311396 9.41154174705 12935
45378.3039881 9.2207441782 13000
45378.3014582 9.22070023653 13000
44931.5978821 9.22061291657 13000
44484.8923812 9.22026871457 13000
44038.1865365 9.2199641416 13000
43591.482099 9.21403731315 13000
43591.4787166 9.21206922981 13000
43591.4783098 9.21155900402 13000
43144.7766672 9.21124687948 13000
43144.7749157 9.20742248152 13000
43144.7740179 9.20734117569 13000
43144.7737412 9.20727950702 13000
43144.7673587 6.61128380394 13000
43144.7656572 6.61117370672 13000
43144.7652792 6.60539286371 13000
43144.7650815 6.60454681524 13000
43144.7650775 6.60349530702 13000
43144.7647435 6.60057671108 13000
42698.0586821 6.60005874251 13000
42698.0579943 6.59968896437 13000
42698.0570701 6.46465331354 13000
42698.0533509 6.46076188543 13000
42251.3526783 6.46074898172 13000
42251.3526754 6.4590916885 13000
42251.351925 6.03493536162 13000
42251.3518881 6.03433704553 13000
42251.3517998 6.02791132103 13000
41804.6556596 6.01514788466 13000
Time cost:  150.440005064 

the init chrom maybe is [30, 159, 67, 170, 34, 29, 180, 194, 45, 154, 35, 146, 52, 146, 178, 197, 64, 117, 101, 180, 138, 151, 96, 5, 175, 63, 117, 42, 83, 84, 177, 10, 26, 85, 134, 34, 189, 183, 4, 38, 185, 64, 155, 35, 118, 190, 169, 182, 150, 132, 2, 169, 107, 144, 167, 1, 169, 168, 42, 105, 55, 104, 3, 142, 8, 150, 31, 35, 6, 23, 24, 167, 197, 2, 66, 100, 29, 37, 14, 16, 41, 61, 77, 97, 24, 170, 186, 154, 137, 50, 91, 131, 182, 173, 94, 111, 187, 4, 129, 43, 41, 81, 5, 85, 54, 112, 95, 124, 170, 17, 150, 89, 27, 160, 1, 28, 47, 136, 28, 197, 171, 150, 47, 34, 133, 130, 81, 93, 125, 187, 112, 38, 176, 76, 199, 88, 124, 143, 8, 27, 9, 112, 7, 75, 143, 193, 13, 21, 128, 195, 166, 89, 168, 186, 95, 49, 149, 170, 150, 161, 27, 192, 46, 52, 20, 100, 25, 192, 8, 34, 3, 6, 151, 195, 156, 139, 84, 147, 59, 39, 168, 83, 91, 65, 96, 165, 80, 135, 183, 185, 83, 164, 35, 46, 176, 169, 86, 157, 159, 197], use 130 pms
after mbbo, chrom maybe is [23, 36, 197, 76, 165, 165, 187, 6, 44, 179, 82, 92, 86, 147, 196, 165, 82, 7, 13, 82, 7, 186, 67, 66, 49, 125, 198, 126, 24, 76, 142, 1, 54, 32, 111, 119, 29, 173, 66, 140, 179, 20, 130, 98, 113, 67, 141, 128, 127, 41, 98, 132, 1, 8, 45, 109, 129, 195, 119, 84, 74, 58, 78, 55, 9, 55, 165, 142, 196, 108, 106, 113, 188, 16, 45, 41, 58, 84, 129, 192, 119, 174, 80, 183, 108, 39, 125, 8, 12, 87, 168, 127, 76, 180, 62, 32, 77, 105, 46, 140, 106, 132, 26, 75, 48, 106, 180, 87, 76, 81, 194, 147, 54, 180, 109, 60, 158, 192, 36, 187, 174, 76, 54, 49, 9, 180, 179, 74, 44, 111, 168, 49, 38, 185, 194, 3, 130, 180, 67, 122, 129, 22, 108, 76, 29, 20, 3, 58, 110, 141, 15, 38, 30, 80, 71, 75, 155, 198, 106, 51, 180, 126, 183, 150, 198, 71, 173, 44, 197, 41, 71, 195, 110, 151, 122, 50, 143, 77, 60, 188, 110, 22, 38, 186, 77, 92, 58, 185, 86, 64, 6, 50, 13, 16, 81, 185, 30, 64, 185, 48], use 93 pms
json file has writen


================= generation 50000 need 0.2133 hours ================130-81=49  (55202.16046, 19.6813142858, 0) - (36440.526539, 7.33657331359, 12935)



55202.16046 19.6813142858 0
54755.4557556 19.6807025895 12870
54308.752859 19.6801713196 12870
53862.0455123 19.6795862162 12870
53862.0339666 19.6777058744 12870
53862.0337071 19.6776410797 12870
53415.3330415 19.6775515286 12870
52968.6306433 19.6735735115 12870
52521.9189014 19.6731356272 12870
52521.9180778 19.6729652679 12870
52521.9146412 19.6727022432 12870
52075.2098818 19.672079541 12870
51628.5075698 19.6719601378 12870
51628.5058363 19.6715335094 12870
51628.5044883 19.6711364582 12870
51181.8007358 19.6705901548 12870
50735.0985294 19.6704184343 12870
50735.0940585 19.6695111324 12870
50735.0910202 19.6690718989 12870
49841.6878118 19.6686428092 12870
49841.6845062 19.668140516 12870
49394.9781523 19.6669428666 12870
49394.9768915 19.6663193751 12870
48948.2843236 19.4586938704 12870
48054.8833439 19.458002994 12870
47608.1822135 19.4577015071 12870
47161.4827788 19.4548531391 12870
47161.480877 19.4546387638 12870
47161.4781859 19.4545770898 12870
47161.4773773 19.4542242544 12870
47161.4715398 19.2433838618 12870
47161.4714996 19.2429855461 12870
46714.7680764 19.2424872405 12870
46268.0654854 19.2414939338 12870
46268.0629885 19.241160475 12870
45821.376651 18.6688110847 12870
45374.6697325 18.6679749935 12870
44927.9657623 18.6610498405 12870
44481.2640832 18.6608361626 12870
44481.2638971 18.6602539386 12870
44481.2570477 17.9050541456 12870
43587.8512691 17.9003378865 12870
43587.8503586 17.9002486816 12870
43587.8501961 17.8663644 12870
43141.141261 17.8589894599 12870
43141.1406323 17.8578961768 12870
43141.1397842 17.8578398472 12870
43141.1367555 11.9825819294 12870
42247.7312974 11.9820978191 12870
42247.7268666 11.9221486254 12935
42247.7266296 11.918005556 12935
42247.7232768 11.9116406409 12935
42247.7218334 11.9102760752 12935
41801.0210801 11.9083292901 12935
41801.0151663 11.5212874187 12935
41801.0142346 11.5192263781 12935
41801.0115302 11.5190059041 12935
41354.309043 11.5186165899 12935
40907.6037868 11.4871120927 12935
40907.6029128 11.4864294255 12935
40460.8980033 11.482929446 12935
40460.8959527 11.4829252861 12935
40460.8953553 11.4726963905 12935
40460.8930709 11.4725300737 12935
40460.8919635 11.4719722165 12935
40014.1918923 11.4719052539 12935
40014.189641 11.3917876387 12935
40014.1894899 11.3211206877 12935
40014.1894165 11.3180916754 12935
40014.1884546 11.3180325676 12935
40014.1769431 11.2763341243 12935
39567.4804171 11.2521488443 12935
39120.7792835 11.2519649926 12935
39120.778095 11.2501909002 12935
39120.7780068 11.2501519423 12935
38674.0854423 11.2472045831 12935
38674.0854061 11.2470988853 12935
38227.3783518 11.2455401868 12935
38227.3768238 11.2447629999 12935
38227.3739563 11.2194152609 12935
37780.6688709 11.2191743003 12935
37780.6663725 11.2150765041 12935
37780.6659448 11.2138642013 12935
37780.6658518 11.2132006288 12935
37780.6657521 11.212880144 12935
37780.6632941 11.2128466331 12935
37780.6624333 11.1523848319 12935
37333.9623535 11.152258577 12935
37333.9620392 11.1507057102 12935
37333.9615382 11.1506710144 12935
37333.9597279 11.1500483599 12935
37333.9588435 11.1479900109 12935
37333.958687 11.1467213585 12935
37333.9576711 11.1455937793 12935
37333.9576411 11.141538661 12935
37333.957026 11.1027320453 12935
37333.9563831 11.1002166599 13000
37333.9551464 11.0994669117 13000
37333.9543286 11.0928090335 13000
37333.9541229 11.092795872 13000
37333.9527733 11.0924249504 13000
36887.2509205 11.0920554483 13000
36887.2509205 11.0920554483 13000
36887.2501125 11.0907357316 13000
36887.2474709 11.0859472349 12935
36887.2472392 11.0794942828 12935
36887.2472392 11.0794942828 12935
36887.2471317 11.07841657 12935
36887.247112 11.0744252751 12935
36887.2437993 10.8769502737 12935
36887.2431066 10.8737425359 12935
36440.5420126 10.8733627581 12935
36440.5399726 10.8733601515 12935
36440.5385669 10.8731578266 12935
36440.5384108 10.8729357597 12935
36440.5382231 10.8719480169 12935
36440.5370163 10.8708147595 12935
36440.5368457 10.8664250887 12935
36440.5364867 10.8648190383 12935
36440.5361036 10.6704833615 12935
36440.5351859 10.6694572643 12935
36440.5350467 10.6689086274 12935
36440.5315732 7.38788743475 12935
36440.5281932 7.38018549761 12935
36440.5281757 7.38003020429 12935
36440.5274198 7.35354981461 12935
36440.5271908 7.3470093853 12935
36440.5267789 7.34681414557 12935
36440.526539 7.33657331359 12935
Time cost:  767.733232021 

the init chrom maybe is [113, 2, 109, 36, 102, 72, 142, 57, 98, 30, 181, 179, 169, 178, 94, 160, 51, 49, 67, 80, 165, 163, 14, 121, 148, 92, 31, 72, 43, 45, 192, 193, 23, 3, 55, 149, 75, 71, 170, 6, 150, 124, 162, 180, 5, 119, 11, 184, 170, 18, 135, 110, 37, 7, 103, 154, 192, 172, 41, 88, 34, 113, 146, 133, 80, 36, 192, 19, 177, 191, 196, 21, 173, 46, 103, 50, 54, 142, 118, 120, 139, 99, 155, 54, 38, 195, 178, 29, 142, 162, 194, 117, 51, 156, 191, 21, 143, 38, 141, 1, 144, 26, 47, 25, 46, 14, 38, 132, 57, 89, 48, 34, 199, 130, 188, 197, 197, 196, 199, 73, 144, 5, 7, 110, 88, 76, 172, 119, 192, 61, 18, 16, 172, 124, 0, 194, 153, 171, 180, 194, 192, 10, 97, 73, 49, 13, 184, 199, 197, 53, 197, 69, 22, 198, 91, 27, 89, 39, 120, 101, 105, 147, 76, 75, 2, 15, 168, 194, 66, 177, 160, 68, 179, 80, 77, 155, 83, 91, 24, 132, 128, 163, 110, 99, 76, 190, 193, 174, 120, 187, 157, 98, 176, 173, 18, 121, 9, 89, 52, 79], use 130 pms
after mbbo, chrom maybe is [16, 166, 185, 69, 165, 86, 193, 193, 102, 120, 61, 66, 66, 48, 182, 186, 173, 69, 182, 63, 33, 180, 183, 119, 141, 189, 2, 27, 189, 132, 39, 10, 177, 101, 38, 177, 144, 190, 195, 183, 130, 92, 181, 193, 15, 107, 172, 130, 166, 27, 185, 86, 186, 135, 80, 80, 78, 173, 54, 111, 110, 62, 110, 148, 146, 139, 39, 119, 43, 36, 63, 141, 48, 199, 169, 153, 95, 173, 157, 149, 4, 169, 199, 149, 194, 141, 141, 144, 101, 63, 59, 108, 146, 4, 139, 130, 148, 107, 181, 167, 108, 132, 97, 191, 123, 33, 33, 141, 150, 163, 16, 30, 157, 168, 135, 95, 165, 185, 102, 165, 191, 168, 31, 30, 62, 101, 167, 92, 86, 31, 36, 4, 164, 82, 97, 59, 15, 96, 120, 27, 168, 92, 78, 59, 119, 189, 61, 54, 106, 111, 163, 150, 180, 54, 172, 26, 177, 40, 62, 179, 153, 82, 33, 10, 139, 123, 118, 40, 96, 177, 122, 38, 2, 30, 180, 61, 106, 119, 27, 26, 78, 95, 111, 95, 191, 36, 5, 199, 179, 31, 97, 122, 150, 30, 5, 118, 69, 130, 131, 16], use 81 pms
json file has writen


============ generation 100000 need 0.4200 hours ========================136-89=47  (57004.0880516, 10.71083156, 0) - (40029.2901459, 5.17318073288, 12870)

57004.0880516 10.71083156 0
56557.3830218 10.7106451522 12805
56557.3818781 10.7099969051 12805
56110.6762285 10.7095088404 12805
56110.674691 9.84996666986 12805
55663.973391 9.84972717759 12805
55663.9686368 9.78888865306 12805
55217.2698073 9.78555011465 12805
55217.2674883 9.78547898677 12805
54770.563114 9.78524859004 12805
53877.1605258 9.78501357486 12805
53430.4599771 9.78474132862 12805
52983.7595851 9.78469308279 12805
52537.0615509 9.75620589164 12805
51643.6494026 9.73512935426 12805
51643.6484657 9.47905234121 12805
51196.9483306 9.2435025467 12805
50303.5565089 9.19686206752 12805
50303.5549585 9.15873580099 12805
50303.5546589 9.15855785887 12805
49856.8497369 9.15845652726 12805
49410.1478282 9.15797227006 12805
48963.4472329 9.15687840772 12805
48963.441526 9.12736724513 12805
48516.7405072 9.12723842993 12805
48516.738133 9.12722899856 12805
48516.7365028 9.12496305088 12805
48070.0362342 9.12484026803 12805
47623.3405951 9.08634806945 12805
47623.339283 9.08623176774 12805
47176.6337284 9.04516240028 12805
47176.633353 9.04476851479 12805
47176.6303996 7.37482057665 12805
46729.9244571 7.37427748307 12805
46729.9175754 7.21191190201 12805
46283.2153682 7.19716224142 12805
46283.214625 7.19188063797 12805
46283.2145571 7.12832962376 12805
46283.2095021 7.12518920947 12805
46283.209406 7.05745643301 12805
46283.2085202 7.05743485973 12805
46283.1980596 6.62464058525 12805
45836.4973822 6.62448272241 12805
45836.4930942 6.62447278059 12805
45836.4924725 6.62446733725 12805
45836.4922903 6.62438503082 12805
45836.4903296 6.47884487216 12805
45836.4887638 6.47855659133 12805
45836.487646 6.4782186845 12805
45836.4844883 6.40092741122 12805
45836.4844883 6.40092741122 12805
45836.4830372 6.4005966373 12805
45389.7819531 6.40049420659 12805
44943.0811761 6.40034706163 12805
44496.3806103 6.40029753448 12805
44049.6804383 6.3998472912 12805
43602.9801183 6.39981261168 12805
43602.9780529 6.39920118355 12805
43602.9772562 6.39771413147 12805
43602.9765221 6.39762166011 12805
43602.9667507 6.37207786711 12805
43602.9617911 6.19751010474 12805
43602.9587705 6.07386930817 12805
43602.958719 6.04640622726 12805
43602.953405 5.88589633744 12805
43156.2524906 5.86442178048 12805
43156.2507004 5.81878042516 12805
43156.2504672 5.79675049359 12805
42709.5474679 5.73865110968 12805
42709.5474008 5.73832199131 12805
42709.5399219 5.70829700804 12805
42709.5379978 5.70741169328 12805
42709.5370573 5.69054276641 12805
42709.5323822 5.68856070621 12805
42262.831657 5.6884023356 12805
41816.1272054 5.68839720459 12805
41816.1255393 5.66063797011 12805
41369.4247262 5.66057181363 12805
41369.4239257 5.6602863157 12805
41369.4237957 5.52097304969 12805
41369.4237256 5.52095883063 12805
41369.4218739 5.5036987854 12805
40922.7153601 5.49787985388 12805
40922.714943 5.49751734247 12805
40922.7143501 5.49732804433 12805
40922.7142743 5.49694759276 12805
40922.7134618 5.49690022443 12805
40922.7132036 5.49029920495 12805
40922.7126887 5.47730534893 12805
40922.7123539 5.47393301579 12805
40922.711024 5.47164050841 12805
40922.7100585 5.32442522635 12805
40922.7100585 5.32442522635 12805
40922.7098144 5.31692880589 12805
40922.7096012 5.29941418706 12805
40922.7095553 5.29912341776 12740
40922.7086919 5.29815827456 12740
40922.7082471 5.29792853571 12805
40922.7082471 5.29792853571 12805
40922.7081062 5.29785608213 12805
40922.7079096 5.29724022885 12805
40922.7079096 5.29724022885 12805
40922.7077737 5.29719177563 12805
40922.7076676 5.29696115648 12805
40922.707567 5.29690375327 12805
40922.7075534 5.28829308139 12805
40922.7074595 5.26496455092 12805
40922.7071739 5.25996992131 12805
40922.706484 5.25976554704 12805
40476.0061172 5.25944927105 12805
40476.0055217 5.25211119183 12805
40476.0044065 5.24979683803 12870
40476.0044065 5.24979683803 12870
40476.0040876 5.24951283029 12870
40476.0040876 5.24951283029 12870
40476.0037642 5.23566986785 12870
40476.0034515 5.23502933676 12870
40476.0034515 5.23502933676 12870
40476.0017 5.23196300933 12870
40475.9992555 5.20197842328 12870
40475.9992532 5.20191061693 12870
40475.9975558 5.20190689518 12870
40029.2959558 5.20170619465 12870
40029.2958832 5.2009877106 12870
40029.2943134 5.19981391331 12870
40029.2942659 5.19871782772 12870
40029.2938494 5.18904404908 12870
40029.2937622 5.18752732102 12870
40029.2927499 5.18450409673 12870
40029.2921637 5.18123421012 12870
40029.2920852 5.18013677949 12870
40029.2920852 5.18013677949 12870
40029.2917181 5.17957378097 12870
40029.2904495 5.17863471997 12870
40029.290442 5.17702266677 12870
40029.2901459 5.17318073288 12870
Time cost:  1512.30242801 

the init chrom maybe is [186, 130, 170, 73, 174, 76, 29, 25, 70, 185, 34, 7, 33, 124, 27, 114, 141, 143, 10, 22, 166, 127, 115, 6, 178, 198, 185, 19, 79, 152, 29, 188, 192, 58, 126, 110, 2, 158, 57, 54, 11, 169, 103, 45, 40, 154, 24, 61, 176, 148, 47, 195, 46, 184, 7, 164, 76, 20, 193, 174, 50, 99, 105, 115, 179, 178, 150, 171, 118, 44, 52, 175, 80, 155, 1, 197, 122, 75, 27, 176, 133, 28, 31, 178, 180, 66, 153, 94, 65, 177, 179, 191, 6, 182, 139, 143, 102, 70, 61, 131, 167, 59, 3, 197, 72, 80, 132, 62, 35, 15, 139, 136, 175, 106, 29, 129, 181, 144, 131, 10, 42, 16, 15, 30, 176, 85, 74, 167, 102, 32, 82, 36, 24, 159, 106, 130, 53, 193, 9, 10, 181, 73, 166, 87, 184, 77, 96, 148, 22, 175, 168, 59, 89, 140, 48, 34, 55, 58, 17, 127, 71, 52, 104, 161, 156, 122, 140, 134, 77, 1, 41, 19, 23, 113, 161, 157, 14, 104, 81, 18, 110, 94, 50, 133, 158, 32, 185, 152, 86, 4, 35, 166, 189, 15, 149, 182, 27, 148, 39, 112], use 136 pms
after mbbo, chrom maybe is [80, 197, 72, 103, 121, 41, 145, 14, 137, 53, 77, 104, 52, 49, 70, 124, 137, 26, 86, 169, 31, 55, 119, 119, 165, 65, 67, 145, 53, 123, 87, 43, 37, 86, 104, 122, 108, 173, 178, 121, 10, 120, 169, 115, 114, 120, 138, 78, 111, 75, 20, 141, 78, 87, 40, 76, 44, 122, 17, 144, 188, 10, 114, 150, 36, 108, 199, 150, 69, 44, 156, 77, 157, 197, 114, 87, 9, 104, 52, 160, 36, 46, 184, 75, 110, 111, 79, 74, 75, 18, 144, 79, 165, 118, 119, 18, 43, 80, 55, 141, 60, 185, 141, 135, 198, 178, 91, 71, 185, 76, 48, 168, 14, 137, 53, 110, 63, 33, 46, 163, 72, 196, 25, 49, 103, 48, 76, 31, 48, 180, 44, 44, 69, 129, 32, 37, 74, 32, 8, 36, 173, 71, 154, 156, 74, 17, 115, 67, 70, 124, 25, 26, 28, 163, 9, 40, 20, 41, 75, 156, 60, 170, 168, 1, 14, 106, 52, 8, 1, 111, 199, 170, 158, 65, 124, 118, 90, 49, 102, 196, 158, 157, 154, 33, 198, 145, 111, 138, 28, 157, 90, 63, 154, 103, 180, 160, 137, 129, 114, 106], use 89 pms
json file has writen



=============  generation 500000 need 2 hours ======================= 129 - 87= 42  (55217.8475305 12.0993221 0) - (39136.4475108 3.68236215952 12935)
55217.8475305 12.0993221 0
55217.8470097 12.0992299625 12935
54771.1422738 12.0984655871 12935
54771.1363954 11.8807655362 12935
53877.7259946 11.879495992 12935
53431.0287152 11.7955482222 12935
53431.0279832 11.795500686 12935
53431.0224244 11.6860384911 12935
53431.0181086 11.6858174783 12935
52090.9071182 11.5152037204 12935
52090.9039688 11.4581524798 12935
51644.2033681 11.4579864726 12935
51197.5020407 11.3929243475 12935
51197.4986192 11.392592596 12935
50750.798293 11.3040974709 12935
50750.7934294 11.3037936079 12935
50304.0978056 8.2044590479 12935
49857.396709 8.20429654252 12935
49410.6944716 8.20381192982 12935
48963.9986547 7.4601739438 12935
48963.9985172 7.36147617981 12935
48517.3030227 7.13473264999 12935
48070.5985095 7.12749765105 12935
47623.8934086 7.12716183871 12935
47623.8907813 7.12681069952 12935
47623.8752884 7.06615167588 12935
47177.1721603 7.06583146102 12935
46730.4686793 7.06563092027 12935
46283.7661849 7.06533023549 12935
45837.0663167 7.05439175341 12935
45837.0663115 6.71999279824 12935
45390.3605577 6.61237816486 12935
44943.6586857 6.59140954235 12935
44943.6585551 6.59035325966 12935
44943.6577347 6.58302970628 12935
44943.6568331 6.58254164335 12935
44943.6547715 6.58002246275 12935
44943.650649 6.54052193535 12935
44496.950206 6.54047048757 12935
44496.9473447 6.54041880371 12935
44496.9440027 6.54036947454 12935
44496.941909 6.45669450958 12935
44496.9417439 6.45668621229 12935
44496.9407829 6.4527346572 12935
44496.9391378 6.45259719726 12935
44496.9348798 5.69330250843 12935
44050.2336938 5.69322861981 12935
44050.2321119 5.68630834166 12935
44050.23144 5.68415500802 12935
43603.5270901 5.6839119382 12935
43156.821725 5.36194335473 12935
43156.8201811 5.34941740752 12935
42710.1199483 5.34937245563 12935
42710.1196343 5.29239509558 12935
42710.1155458 5.28201217436 12935
42710.1147003 5.27993952834 13000
42710.1142741 5.27524163316 13000
42710.1142004 5.26047547365 13000
42263.4115312 5.26018416522 13000
42263.4090718 5.07892041561 13000
42263.4088995 5.07813861434 13000
42263.4006594 4.87452572787 13000
41816.7106914 4.82580521049 13000
41816.7095357 4.82578817766 13000
41816.7086855 4.67164697145 13000
41816.7069554 4.66895329513 13000
41816.7068726 4.66852325222 13000
41816.7065244 4.66833178465 13000
41816.7061901 4.66598480195 13000
41816.7057066 4.6549967252 13000
41816.7056481 4.64484076952 13000
41370.0052653 4.59726413486 13000
41370.0043363 4.59674506316 13000
40923.2982377 4.54831831579 13000
40923.2951128 4.50693359748 13000
40923.2942994 4.50444475112 13000
40923.2941821 4.50219670166 13000
40923.2940625 4.50137539785 13000
40923.2929359 4.42039007264 13000
40923.2927151 4.41262168822 13000
40923.2927151 4.41262168822 13000
40923.2922208 4.41247923199 13000
40923.292044 4.40481356752 13000
40923.292044 4.40481356752 13000
40923.2881708 4.24415668258 13000
40923.2866404 4.23715312089 13000
40923.2857142 4.23550050301 13000
40923.2845972 4.23526932354 13000
40923.283453 4.23302861654 13000
40923.2823232 4.18985323334 13000
40923.2823232 4.18985323334 13000
40923.280084 4.17713785897 13000
40923.279891 4.177004933 13000
40923.2796822 4.17695296869 13000
40923.2792746 4.13305926947 13000
40923.2772917 4.13243874866 13000
40923.2765926 4.02340479569 13000
40923.2685561 3.87746357553 13000
40923.2683308 3.87743381615 13000
40923.2680611 3.85739467668 13000
40923.2668774 3.85722926045 13000
40923.266528 3.8518134064 12935
40923.2661673 3.85049001818 12935
40923.2659094 3.84730958172 12935
40923.2659094 3.84730958172 12935
40923.2658113 3.8459585252 12935
40923.2654133 3.84572652084 12935
40923.2653843 3.84216547244 12935
40476.5645466 3.84204607838 12935
40476.564397 3.83727081901 12935
40476.564247 3.83717672732 12935
40476.564008 3.83153007492 12935
40476.5634605 3.83133121302 12935
40029.8628723 3.83106105379 12935
40029.8628723 3.83106105379 12935
40029.8627802 3.83085036377 12935
40029.8619114 3.83025506015 12935
40029.8619114 3.83025506015 12935
40029.8617877 3.81255404422 12935
40029.8614657 3.81181022599 12935
40029.8613959 3.80653520872 12935
40029.8604883 3.80610758944 12935
40029.8604874 3.80610006848 12935
40029.8590185 3.80114914204 12935
40029.859014 3.79903253754 12935
40029.8587861 3.79826742197 12935
40029.8584894 3.79543633997 12935
40029.8584414 3.7950968333 12935
40029.85843 3.79357352988 12935
40029.8572264 3.79132722345 12935
40029.8571162 3.77721202099 12935
40029.8570481 3.77718000934 12935
40029.8568651 3.77457730426 12935
40029.8558549 3.76407320034 12935
40029.8558549 3.76407320034 12935
39583.1516874 3.71561942006 12935
39583.1506639 3.70706445715 12935
39583.1505782 3.70484204094 12935
39583.1505773 3.70434870924 12935
39583.150443 3.70417481316 12935
39583.1498937 3.7034144545 12935
39583.1498937 3.7034144545 12935
39583.1483591 3.69925474189 12935
39583.1472799 3.69902299998 12935
39583.1471608 3.69860995349 12935
39583.1470903 3.69766486853 12935
39583.1470622 3.69726536665 12935
39583.1469687 3.69718825764 12935
39136.4492719 3.6920299198 12935
39136.4479693 3.69179446234 12935
39136.4479511 3.69135898367 12935
39136.4479511 3.69135898367 12870
39136.44785 3.68912506266 12870
39136.4478181 3.68477448419 12935
39136.4477589 3.68469203784 12935
39136.4477366 3.68348854152 12935
39136.4477366 3.68348854152 12935
39136.4476877 3.68336582682 12935
39136.4475108 3.68236215952 12935
Time cost:  7282.78675294 

the init chrom maybe is [178, 138, 71, 143, 102, 172, 24, 125, 8, 153, 191, 157, 16, 76, 22, 170, 142, 52, 35, 68, 127, 20, 88, 58, 21, 187, 143, 62, 151, 86, 155, 98, 80, 22, 168, 95, 144, 118, 177, 154, 26, 15, 128, 137, 141, 97, 158, 12, 121, 117, 124, 125, 85, 36, 158, 98, 42, 197, 119, 57, 10, 7, 182, 179, 160, 37, 6, 175, 121, 28, 160, 109, 164, 176, 132, 3, 118, 85, 191, 128, 97, 23, 71, 10, 88, 180, 65, 46, 59, 25, 179, 108, 39, 41, 56, 180, 157, 117, 107, 145, 192, 154, 33, 145, 36, 148, 84, 119, 72, 66, 53, 106, 195, 177, 195, 110, 165, 103, 168, 107, 74, 139, 69, 104, 28, 121, 105, 52, 190, 113, 23, 119, 93, 156, 5, 81, 1, 86, 178, 26, 118, 77, 10, 17, 71, 15, 95, 158, 180, 113, 135, 156, 21, 196, 151, 101, 112, 97, 126, 152, 19, 73, 6, 158, 14, 65, 62, 179, 193, 38, 19, 33, 53, 64, 103, 128, 189, 163, 190, 169, 38, 98, 198, 104, 192, 192, 92, 31, 83, 132, 121, 69, 23, 183, 140, 83, 20, 123, 158, 193], use 129 pms
after mbbo, chrom maybe is [89, 127, 61, 152, 89, 118, 33, 11, 48, 184, 184, 124, 14, 127, 166, 124, 117, 139, 133, 169, 20, 48, 138, 185, 111, 78, 141, 16, 171, 101, 78, 182, 35, 136, 185, 187, 149, 146, 39, 165, 130, 33, 104, 117, 29, 76, 60, 56, 194, 146, 187, 177, 56, 136, 165, 129, 186, 191, 114, 38, 196, 191, 196, 41, 121, 20, 16, 97, 166, 87, 57, 14, 157, 57, 16, 118, 157, 38, 175, 137, 78, 55, 194, 33, 161, 59, 49, 151, 133, 40, 62, 96, 85, 87, 185, 129, 186, 34, 142, 111, 190, 141, 39, 77, 177, 115, 14, 194, 187, 32, 85, 96, 121, 146, 152, 157, 96, 174, 40, 54, 93, 33, 23, 114, 129, 36, 7, 139, 35, 29, 23, 138, 8, 59, 152, 62, 180, 21, 118, 147, 101, 169, 142, 141, 23, 28, 36, 194, 93, 130, 142, 175, 105, 173, 71, 37, 48, 11, 60, 147, 37, 190, 61, 49, 186, 32, 11, 32, 21, 16, 122, 28, 48, 147, 182, 85, 152, 174, 161, 137, 8, 133, 127, 180, 161, 78, 15, 41, 173, 55, 152, 55, 77, 104, 71, 38, 105, 87, 122, 54], use 87 pms
json file has writen


=============  generation 1000000 need  hours =======================


57895.8260015 12.4676324198 0
57449.1120781 11.9481927068 195
57449.1101404 11.9478447961 260
57002.4057002 11.9473931802 260
56555.7097533 11.8463831741 390
56555.704311 8.41638877039 12870
56109.0091768 8.28388026643 12935
55662.3075553 8.28319212808 12935
55215.6072928 8.28299349429 12935
54768.9063568 8.27433410794 12935
54768.9062513 8.27418096607 12935
54768.9031353 8.25258243218 12935
54322.2064393 8.15384755995 12935
53875.5002221 8.15348987213 12935
53428.8041251 8.15302398615 12935
53428.8038162 8.12666817962 12935
53428.8016571 8.11407142548 12935
52982.1024271 8.07467317669 12935
52982.1018862 8.07466634716 12935
52535.4033758 8.04952680794 12935
52535.401943 7.86634045849 12935
52535.4009223 7.86605835943 12935
52535.4004982 7.86601979475 12935
51641.997905 7.86589238077 12935
51641.9927008 7.85553520314 12870
51195.284784 7.85503935468 12870
50748.5759106 7.85148595606 12870
50748.5744894 7.8513189034 12870
50748.570311 7.8512219863 12870
50748.5685312 7.83528622526 12870
50301.861642 7.3757138588 12870
49855.1554879 7.37541383472 12870
49408.4536111 7.37524432355 12870
48961.7608631 7.37091182962 12870
48961.7595386 7.37028940663 12870
48961.7587361 7.36877139777 12870
48961.7574337 7.36138907328 12870
48961.7545232 6.86207450522 12870
48961.7517692 6.85116623631 12870
48961.7517687 6.85062304949 12870
48515.0505964 6.85044217507 12870
48068.3372013 6.14301216349 12870
47621.6368078 6.14294638709 12870
47621.635249 6.1030222597 12870
47621.6344958 6.102485361 12870
47174.930322 6.10216909516 12870
47174.9300946 6.10212932854 12870
47174.9291763 6.10129451295 12870
47174.9289651 6.0708457039 12870
46728.2306963 6.07081212697 12870
46728.2301717 6.02926042766 12935
46728.2298656 6.02889882162 12935
46728.2292669 6.01745725436 12935
46728.2289662 6.01718732025 12935
46728.2282035 6.01705590382 12870
46281.5307504 6.01568779901 12870
45834.8283521 6.01519485382 12870
45834.8219285 5.24604754493 12870
45834.8202271 5.24165713434 12870
45834.8172233 5.23176415625 12870
45834.8149916 5.23145651035 12870
45388.1133056 5.14142592961 12870
45388.113003 5.14096116843 12870
44941.4084555 5.14064006022 12870
44941.4082107 5.13950346242 12870
44941.4069832 5.13088728155 12870
44494.7058146 5.13067649298 12870
44494.7051995 5.1293335692 12870
44494.7034567 5.10431691741 12870
44494.7024056 5.10409401889 12870
44494.7023773 5.09727187552 12870
44494.6995672 5.05175617312 12870
44494.6990319 5.04916759734 12870
44494.6986138 4.90686098812 12870
44494.6983528 4.90554999429 12870
44494.6957893 4.89999620484 12870
44494.6957893 4.89999620484 12870
44494.6955789 4.89973152416 12870
44494.6954904 4.89792119185 12870
44494.6938078 4.87461177796 12870
44047.9955125 4.87193766658 12870
44047.9938649 4.84936513494 12870
44047.9896875 4.84789324729 12870
44047.9896875 4.84789324729 12870
44047.989227 4.84770357378 12935
44047.9886601 4.84338652288 12935
44047.9886547 4.84229051484 12935
44047.9883779 4.83746849973 12935
44047.9882642 4.83743742556 12935
44047.9878948 4.83251713748 12935
44047.9873759 4.83150323698 12935
44047.9871795 4.8292822075 12935
43601.2884721 4.57880718966 12935
43601.2883297 4.57877075368 12935
43601.2873828 4.57082183014 12935
43601.2867481 4.56957419284 12935
43601.2867257 4.56942008277 12935
43601.2864954 4.56859075269 12935
43601.2850033 4.55582934912 12935
43601.2826516 4.55567336739 12935
43601.2826516 4.55567336739 12935
43601.2824121 4.55554586315 12935
43154.5762453 4.55535106082 12935
43154.5756919 4.55130187861 12935
43154.5755418 4.5511903718 12935
43154.5753301 4.55114216306 12935
43154.5738165 4.4845975618 12935
43154.5738082 4.48442954354 12935
43154.5738082 4.48442954354 12935
42707.8727335 4.48396209211 12935
42261.1758455 4.47321871948 12935
42261.1739891 4.46934290504 12935
42261.1734592 4.46068592239 12935
42261.173426 4.4599540455 12935
42261.1731331 4.4509034184 12935
42261.1730845 4.45080796166 12935
42261.1727322 4.45075450512 12935
42261.1678402 4.33975270957 12935
42261.1671947 4.3324086593 12935
42261.1671139 4.33238806756 12935
42261.1669147 4.33164856498 12935
42261.1664212 4.33101505404 12935
42261.1662411 4.323364334 12935
41814.4663131 4.32086383517 12935
41814.4662287 4.31968144931 12935
41814.4654553 4.31961616892 12935
41814.4645463 4.31921355501 12935
41814.4642972 4.31842898045 12935
41814.4642972 4.31842898045 12935
41814.4637206 4.31747634156 12935
41814.4621691 4.3171472802 12935
41814.4618599 4.31480698411 12935
41814.4618599 4.31480698411 12935
41814.4617609 4.31384928984 12935
41814.4613323 4.31275111053 12935
41814.4604801 4.30914680102 12935
41814.4604595 4.30909524672 12935
41814.4596702 4.2686181026 12935
41814.4591424 4.26835101824 12935
41814.4591424 4.26835101824 12935
41814.4591144 4.2683446812 12935
41814.4591067 4.26782800232 12935
41814.45882 4.26729093333 12935
41814.4588185 4.26711232962 12935
41814.4584624 4.26664245712 12935
41814.4583589 4.26527760137 12935
41814.4567322 4.2650116209 12935
41814.4567005 4.2649214803 12935
41367.7554594 4.26444554455 12935
41367.7554594 4.26444554455 12935
41367.755374 4.26364574705 12935
41367.7547435 4.22607669666 12935
41367.7541882 4.21061105612 12935
41367.7541012 4.20978389053 12935
41367.75379 4.2090453202 12935
41367.7535232 4.19351714913 12935
41367.7531566 4.17563616828 12935
41367.7530417 4.1755936269 12935
41367.7525155 4.16835803123 12935
41367.7525077 4.16815729359 12935
41367.7517551 4.16698396596 12935
41367.7517168 4.16616418089 12935
41367.7517168 4.16616418089 12935
41367.7515637 4.16263307378 12935
41367.7513569 4.15863758919 12935
41367.7513569 4.15863758919 12935
41367.750552 4.15826678964 12935
41367.74957 4.14418437689 12935
41367.7494787 4.14402687166 12935
41367.7492653 4.14008481889 12935
41367.7491078 4.1385230046 12935
41367.7490851 4.13712589575 12870
41367.7490851 4.13712589575 12870
41367.7490246 4.13699699672 12870
40921.0491202 4.12827994014 12870
40921.0487889 4.12658540322 12870
40921.0487365 4.12583524311 12870
40921.0474227 4.12077365381 12870
40921.0448282 4.11653823945 12870
40921.0437148 4.08173954137 12870
40921.0434847 4.08168886174 12870
40921.0432071 4.07472651353 12870
40921.04276 4.07197049373 12870
40921.0425895 4.07137007101 12870
40921.0423488 4.07073945013 12870
40921.0415851 4.06953830372 12870
40921.0408565 4.01815292577 12870
40921.0408561 4.01611748392 12870
40921.0406477 4.01564900903 12870
40921.0398054 4.01550051939 12870
40921.0381765 3.93062196963 12870
40921.0381765 3.93062196963 12870
40921.0374863 3.92856508785 12870
40921.0374863 3.92856508785 12870
40921.0364162 3.91197009314 12870
40474.3343098 3.88807101337 12870
40474.3342771 3.88566968267 12870
40474.3341671 3.88309122284 12870
40474.3337773 3.88213005993 12870
40474.3337773 3.88213005993 12870
40474.333765 3.88054512821 12870
40474.3329602 3.87647997655 12870
40027.6326533 3.87204937886 12870
40027.6326269 3.87101043307 12870
40027.6324994 3.8702159569 12870
40027.6324884 3.87020776156 12870
Time cost:  14624.381438 

the init chrom maybe is [192, 109, 107, 33, 167, 84, 75, 37, 163, 173, 53, 125, 21, 190, 132, 18, 26, 94, 11, 66, 167, 51, 187, 36, 18, 113, 36, 173, 139, 198, 41, 61, 82, 143, 166, 199, 38, 97, 130, 4, 130, 194, 160, 185, 8, 168, 164, 149, 78, 69, 9, 193, 0, 15, 19, 2, 63, 163, 78, 42, 53, 38, 77, 199, 165, 191, 142, 6, 120, 140, 6, 136, 60, 120, 198, 48, 108, 198, 175, 107, 32, 18, 111, 198, 96, 170, 74, 175, 94, 6, 35, 82, 118, 114, 129, 85, 72, 21, 1, 158, 10, 140, 149, 183, 141, 73, 34, 160, 23, 129, 190, 165, 127, 95, 121, 102, 187, 65, 79, 63, 61, 106, 52, 77, 185, 121, 63, 180, 169, 73, 157, 66, 123, 30, 14, 42, 130, 11, 77, 43, 67, 45, 191, 60, 103, 27, 165, 126, 88, 50, 41, 191, 174, 107, 26, 176, 90, 181, 188, 7, 39, 35, 44, 76, 83, 194, 12, 71, 38, 188, 159, 17, 5, 34, 52, 141, 70, 3, 22, 199, 55, 121, 50, 192, 189, 60, 65, 153, 90, 33, 168, 92, 17, 110, 1, 163, 164, 132, 143, 61], use 129 pms
after mbbo, chrom maybe is [42, 48, 195, 135, 11, 73, 53, 160, 54, 113, 60, 149, 148, 49, 156, 52, 55, 67, 115, 97, 141, 42, 184, 10, 39, 107, 141, 93, 132, 82, 141, 70, 65, 132, 120, 101, 135, 118, 17, 13, 171, 89, 66, 194, 175, 86, 148, 55, 149, 52, 195, 84, 100, 181, 23, 81, 175, 179, 22, 115, 97, 67, 80, 33, 70, 141, 89, 150, 118, 128, 4, 17, 22, 156, 120, 6, 174, 194, 184, 81, 66, 184, 8, 32, 100, 4, 25, 23, 179, 185, 129, 105, 29, 156, 86, 39, 15, 55, 74, 181, 12, 9, 8, 25, 126, 74, 196, 132, 115, 158, 140, 139, 12, 95, 32, 79, 98, 54, 160, 48, 174, 33, 60, 29, 5, 185, 100, 34, 56, 196, 24, 31, 179, 56, 173, 13, 171, 173, 59, 44, 96, 5, 80, 81, 151, 197, 7, 183, 101, 98, 105, 126, 79, 95, 129, 44, 158, 82, 96, 95, 84, 139, 150, 55, 15, 74, 6, 183, 25, 151, 128, 59, 155, 54, 88, 174, 107, 11, 25, 24, 73, 81, 98, 60, 49, 174, 197, 53, 31, 17, 155, 9, 88, 65, 10, 98, 195, 139, 93, 113], use 89 pms
json file has writen
